0 0.69140625 0.22421875 0.25 0.1765625
0 0.2453125 0.94375 0.134375 0.1125
0 0.0578125 0.259375 0.115625 0.084375
0 0.53125 0.16171875 0.1734375 0.115625
0 0.6984375 0.08125 0.3015625 0.115625
0 0.63984375 0.03671875 0.1796875 0.0734375
0 0.621875 0.028125 0.16875 0.05625
0 0.80078125 0.17109375 0.234375 0.115625
0 0.8484375 0.25859375 0.1828125 0.13125
0 0.1375 0.93828125 0.140625 0.1015625
0 0.55078125 0.87109375 0.2140625 0.1171875
0 0.34765625 0.75390625 0.1265625 0.10625
0 0.1890625 0.6625 0.078125 0.0734375
0 0.2546875 0.665625 0.0890625 0.0484375
0 0.203125 0.58515625 0.096875 0.0546875
0 0.24453125 0.40078125 0.2234375 0.1171875
0 0.74921875 0.6140625 0.19375 0.184375
0 0.89296875 0.33046875 0.184375 0.1265625
0 0.9 0.4671875 0.2 0.19375
0 0.94296875 0.4171875 0.1140625 0.140625
0 0.46875 0.3546875 0.2484375 0.1125
0 0.365625 0.31875 0.115625 0.0703125
0 0.3875 0.171875 0.175 0.1515625
0 0.78359375 0.728125 0.2046875 0.1171875
0 0.84921875 0.8546875 0.275 0.1125
0 0.71015625 0.4484375 0.1875 0.134375
0 0.05625 0.378125 0.0875 0.090625
0 0.1390625 0.171875 0.125 0.096875
0 0.26015625 0.075 0.096875 0.09375
0 0.3375 0.05546875 0.1109375 0.084375
0 0.11953125 0.55 0.0828125 0.059375
0 0.021875 0.41875 0.04375 0.075
0 0.3734375 0.48359375 0.1125 0.1671875
0 0.39453125 0.59140625 0.0921875 0.09375
0 0.4484375 0.7390625 0.1546875 0.0984375
0 0.5296875 0.72578125 0.109375 0.0890625
0 0.92578125 0.19375 0.08125 0.1625
0 0.7796875 0.11328125 0.2765625 0.096875
0 0.2046875 0.24375 0.140625 0.08125
0 0.29453125 0.45 0.084375 0.0875
0 0.59296875 0.275 0.1703125 0.09375
0 0.37890625 0.815625 0.090625 0.065625
0 0.7265625 0.33359375 0.1453125 0.1421875
0 0.18515625 0.3296875 0.165625 0.1078125
0 0.07578125 0.09765625 0.0953125 0.075
0 0.2328125 0.18125 0.1359375 0.096875
0 0.50703125 0.259375 0.1546875 0.1015625
0 0.09140625 0.44765625 0.0921875 0.0734375
0 0.6671875 0.934375 0.1828125 0.1046875
0 0.975 0.86640625 0.05 0.0984375
0 0.88359375 0.91171875 0.209375 0.084375
0 0.9578125 0.6125 0.084375 0.159375
0 0.7234375 0.515625 0.1734375 0.0890625
0 0.53359375 0.49765625 0.2125 0.11875
0 0.6609375 0.40234375 0.2890625 0.125
0 0.284375 0.5265625 0.125 0.115625
0 0.83671875 0.01640625 0.1671875 0.0328125
0 0.64140625 0.7625 0.13125 0.0859375