1 0.31796875 0.21796875 0.253125 0.184375
0 0.73828125 0.94765625 0.1359375 0.1046875
0 0.9453125 0.275 0.109375 0.0875
1 0.48046875 0.1609375 0.1765625 0.1203125
1 0.31640625 0.07421875 0.303125 0.125
1 0.37578125 0.0359375 0.1796875 0.071875
1 0.39453125 0.02734375 0.1703125 0.0546875
1 0.2109375 0.1609375 0.2359375 0.125
1 0.16015625 0.24609375 0.184375 0.1359375
0 0.846875 0.94765625 0.14375 0.1046875
1 0.4359375 0.86875 0.215625 0.121875
0 0.64453125 0.7578125 0.1296875 0.1109375
1 0.8046875 0.6734375 0.078125 0.0734375
0 0.740625 0.67421875 0.0921875 0.053125
0 0.79375 0.59375 0.0984375 0.0578125
1 0.75859375 0.409375 0.2265625 0.1234375
0 0.246875 0.60546875 0.1984375 0.1890625
0 0.11484375 0.31640625 0.1875 0.13125
0 0.1015625 0.45390625 0.203125 0.1984375
0 0.059375 0.40234375 0.11875 0.14375
0 0.44375 0.41484375 0.2484375 0.121875
0 0.640625 0.3234375 0.1171875 0.0765625
0 0.62421875 0.17578125 0.178125 0.15625
0 0.20859375 0.71875 0.2078125 0.1234375
1 0.13828125 0.84375 0.275 0.121875
1 0.2921875 0.44140625 0.190625 0.1390625
0 0.94765625 0.39375 0.0890625 0.0921875
0 0.871875 0.184375 0.1265625 0.1015625
0 0.75703125 0.08359375 0.1 0.0953125
0 0.678125 0.06171875 0.1140625 0.0890625
1 0.88046875 0.56328125 0.084375 0.0640625
1 0.97890625 0.43671875 0.0421875 0.0765625
0 0.62734375 0.48828125 0.11875 0.1703125
1 0.60234375 0.5953125 0.0953125 0.0953125
1 0.54296875 0.740625 0.1578125 0.103125
1 0.4625 0.72421875 0.1125 0.0921875
1 0.08515625 0.1796875 0.0859375 0.1625
1 0.234375 0.10390625 0.278125 0.10625
0 0.80546875 0.25390625 0.1421875 0.0859375
1 0.70859375 0.45703125 0.084375 0.0875
1 0.41484375 0.271875 0.171875 0.0984375
0 0.61015625 0.81953125 0.0921875 0.06875
1 0.28046875 0.32578125 0.15 0.1453125
0 0.8203125 0.340625 0.1671875 0.1125
0 0.9375 0.11328125 0.0984375 0.078125
0 0.778125 0.190625 0.1390625 0.1015625
0 0.5015625 0.259375 0.1578125 0.10625
1 0.91015625 0.46171875 0.09375 0.075
1 0.31796875 0.92890625 0.184375 0.1125
0 0.0203125 0.84921875 0.0375 0.1015625
1 0.10390625 0.896875 0.2078125 0.09375
0 0.04140625 0.59453125 0.0828125 0.1609375
1 0.278125 0.5078125 0.175 0.09375
1 0.46640625 0.496875 0.2140625 0.125
0 0.44609375 0.2546875 0.290625 0.134375
1 0.71484375 0.53359375 0.128125 0.11875
0 0.18125 0.01171875 0.16875 0.0234375
1 0.34921875 0.75703125 0.1328125 0.0890625