1 0.3015625 0.77109375 0.1734375 0.2484375
0 0.840625 0.11328125 0.1171875 0.1328125
0 0.1265625 0.15390625 0.08125 0.1265625
0 0.190625 0.63984375 0.1125 0.1734375
1 0.16875 0.8234375 0.1109375 0.3015625
0 0.10234375 0.7859375 0.0828125 0.178125
1 0.0765625 0.77421875 0.0890625 0.1671875
1 0.2859375 0.88671875 0.1125 0.2265625
0 0.38515625 0.9078125 0.128125 0.18125
0 0.7953125 0.0421875 0.1 0.084375
1 0.8671875 0.42734375 0.1140625 0.2140625
0 0.68828125 0.27265625 0.1046875 0.125
0 0.55234375 0.153125 0.071875 0.078125
0 0.5765625 0.2140625 0.046875 0.0890625
0 0.48359375 0.19140625 0.053125 0.096875
0 0.32265625 0.290625 0.1140625 0.221875
0 0.6890625 0.6984375 0.1828125 0.190625
0 0.46640625 0.91640625 0.1234375 0.1671875
0 0.60078125 0.8921875 0.190625 0.2046875
0 0.56640625 0.9453125 0.1390625 0.109375
0 0.35234375 0.51796875 0.1078125 0.246875
0 0.28515625 0.43203125 0.06875 0.1140625
0 0.153125 0.50078125 0.1484375 0.171875
0 0.80859375 0.69375 0.1140625 0.2046875
1 0.9484375 0.7140625 0.103125 0.275
0 0.51953125 0.71484375 0.13125 0.1859375
0 0.240625 0.1203125 0.0890625 0.0859375
0 0.071875 0.265625 0.0953125 0.1234375
0 0.034375 0.41328125 0.065625 0.0953125
0 0.034375 0.4921875 0.06875 0.109375
0 0.42265625 0.12265625 0.0578125 0.0828125
0 0.26328125 0.0609375 0.0734375 0.06875
0 0.44296875 0.3859375 0.1671875 0.1109375
0 0.55234375 0.3703125 0.0921875 0.0921875
0 0.709375 0.3734375 0.096875 0.153125
0 0.72265625 0.4546875 0.0875 0.109375
0 0.34921875 0.98125 0.1609375 0.0375
1 0.22578125 0.87578125 0.0921875 0.2484375
0 0.16171875 0.3046875 0.0796875 0.140625
0 0.3859375 0.321875 0.0875 0.0828125
1 0.3171875 0.6609375 0.0921875 0.16875
0 0.759375 0.2828125 0.0640625 0.090625
0 0.415625 0.7671875 0.140625 0.14375
0 0.2359375 0.2578125 0.10625 0.1640625
0 0.009375 0.2296875 0.01875 0.09375
0 0.11328125 0.35078125 0.0953125 0.1359375
1 0.27421875 0.584375 0.1 0.1546875
0 0.3171875 0.13125 0.071875 0.090625
0 0.95703125 0.515625 0.0859375 0.18125
1 0.9828125 0.86640625 0.034375 0.1265625
1 0.98671875 0.72890625 0.0265625 0.2078125
0 0.7609375 0.91171875 0.1578125 0.115625
0 0.58671875 0.7046875 0.0859375 0.1734375
0 0.509375 0.5328125 0.115625 0.2109375
0 0.45859375 0.684375 0.1203125 0.2890625
0 0.4546875 0.2875 0.1140625 0.1234375
0 0.11484375 0.95234375 0.1109375 0.0953125
0 0.79375 0.546875 0.084375 0.13125