1 0.69375 0.22578125 0.1765625 0.25
0 0.16640625 0.89296875 0.11875 0.134375
0 0.8796875 0.8390625 0.084375 0.128125
0 0.80703125 0.3546875 0.115625 0.1734375
1 0.82578125 0.1703125 0.115625 0.3015625
0 0.89296875 0.20703125 0.0859375 0.1796875
0 0.91875 0.21875 0.0921875 0.16875
1 0.70625 0.1109375 0.115625 0.221875
0 0.6078125 0.090625 0.13125 0.18125
0 0.21328125 0.959375 0.1015625 0.08125
0 0.13359375 0.57890625 0.1171875 0.2140625
0 0.3171875 0.73125 0.10625 0.1265625
0 0.453125 0.84765625 0.0734375 0.078125
0 0.428125 0.78671875 0.0484375 0.0890625
0 0.521875 0.8078125 0.0546875 0.096875
1 0.68046875 0.70625 0.1171875 0.2234375
0 0.3078125 0.3046875 0.184375 0.19375
0 0.52578125 0.0828125 0.1265625 0.165625
0 0.3921875 0.109375 0.19375 0.20625
0 0.425 0.05546875 0.140625 0.1109375
1 0.646875 0.4796875 0.1125 0.2484375
0 0.715625 0.5640625 0.0703125 0.115625
0 0.846875 0.49375 0.1515625 0.175
0 0.18828125 0.31171875 0.1171875 0.2046875
0 0.05078125 0.29375 0.1015625 0.275
0 0.4765625 0.28515625 0.134375 0.1875
0 0.76484375 0.875 0.090625 0.0875
0 0.93203125 0.7265625 0.096875 0.125
0 0.9671875 0.5796875 0.065625 0.096875
0 0.96484375 0.50078125 0.0703125 0.1109375
0 0.58359375 0.8765625 0.059375 0.0828125
0 0.74375 0.934375 0.075 0.0703125
0 0.55859375 0.61171875 0.1671875 0.1125
0 0.45 0.63046875 0.09375 0.0921875
0 0.29296875 0.63046875 0.0984375 0.1546875
0 0.278125 0.54921875 0.0890625 0.109375
0 0.6421875 0.01796875 0.1625 0.0359375
1 0.7671875 0.121875 0.096875 0.24375
0 0.8421875 0.68828125 0.08125 0.140625
0 0.6171875 0.67578125 0.0875 0.084375
0 0.6796875 0.3359375 0.09375 0.1703125
0 0.24453125 0.721875 0.065625 0.090625
0 0.5796875 0.23125 0.1421875 0.1453125
0 0.76796875 0.7375 0.1078125 0.165625
0 0.9921875 0.76015625 0.015625 0.0953125
0 0.890625 0.6421875 0.096875 0.1359375
0 0.72421875 0.41171875 0.1015625 0.1546875
0 0.6890625 0.865625 0.0734375 0.0921875
1 0.04296875 0.49140625 0.0859375 0.1828125
0 0.0140625 0.1421875 0.028125 0.128125
0 0.01171875 0.2796875 0.0234375 0.209375
1 0.23359375 0.09453125 0.159375 0.1171875
0 0.409375 0.296875 0.0890625 0.1734375
0 0.490625 0.46796875 0.11875 0.2125
0 0.53828125 0.31484375 0.125 0.2890625
0 0.54921875 0.71171875 0.115625 0.125
0 0.875 0.04375 0.1125 0.0875
0 0.20546875 0.45703125 0.0859375 0.13125