1 0.24609375 0.71953125 0.1546875 0.2390625
0 0.91875 0.19921875 0.10625 0.125
0 0.215625 0.07890625 0.071875 0.125
1 0.1671875 0.56640625 0.1 0.1671875
0 0.10390625 0.740625 0.0859375 0.2984375
0 0.0484375 0.6890625 0.0703125 0.175
0 0.03203125 0.671875 0.0640625 0.165625
1 0.20390625 0.83359375 0.0953125 0.2296875
0 0.29609375 0.871875 0.1140625 0.1734375
0 0.896875 0.09375 0.090625 0.134375
1 0.87421875 0.51171875 0.0953125 0.2078125
0 0.73515625 0.3203125 0.096875 0.1203125
0 0.6296875 0.17421875 0.065625 0.071875
1 0.6390625 0.2390625 0.0421875 0.0875
0 0.553125 0.19609375 0.0453125 0.0953125
1 0.37421875 0.25625 0.0953125 0.21875
0 0.6390625 0.7359375 0.16875 0.1796875
0 0.371875 0.90703125 0.109375 0.1765625
0 0.51015625 0.90390625 0.1765625 0.1921875
0 0.46484375 0.94921875 0.1328125 0.1015625
0 0.35234375 0.484375 0.090625 0.24375
0 0.30625 0.38515625 0.0625 0.1109375
1 0.16328125 0.42265625 0.1375 0.1625
1 0.75703125 0.75859375 0.0984375 0.1984375
1 0.89140625 0.81015625 0.0859375 0.271875
0 0.47109375 0.7140625 0.11875 0.178125
0 0.3328125 0.071875 0.0828125 0.0796875
0 0.1359375 0.175 0.0875 0.1171875
1 0.05234375 0.30546875 0.0859375 0.090625
0 0.04140625 0.38515625 0.075 0.10625
0 0.5109375 0.11484375 0.053125 0.0796875
0 0.36796875 0.02578125 0.0703125 0.0515625
1 0.4703125 0.37578125 0.1625 0.0984375
0 0.5796875 0.3859375 0.0859375 0.0859375
0 0.7328125 0.42421875 0.084375 0.15
0 0.72734375 0.50546875 0.0796875 0.1046875
1 0.240625 0.95546875 0.1578125 0.065625
1 0.14453125 0.81796875 0.06875 0.2765625
0 0.215625 0.23359375 0.06875 0.1359375
1 0.42890625 0.30078125 0.0796875 0.075
1 0.2859375 0.615625 0.078125 0.165625
0 0.8015625 0.34609375 0.059375 0.0859375
1 0.3578125 0.74140625 0.13125 0.1359375
0 0.29765625 0.2046875 0.09375 0.1578125
0 0.05625 0.11875 0.0671875 0.0921875
0 0.15546875 0.2671875 0.0859375 0.13125
0 0.2609375 0.53203125 0.0875 0.15
0 0.403125 0.09921875 0.065625 0.0875
1 0.95 0.62109375 0.090625 0.1765625
0 0.9203125 0.95625 0.0875 0.0875
1 0.94921875 0.83828125 0.065625 0.2078125
0 0.66015625 0.95390625 0.1515625 0.0921875
0 0.5390625 0.71875 0.071875 0.16875
1 0.5015625 0.53359375 0.1 0.20625
0 0.41875 0.6703125 0.096875 0.2859375
1 0.503125 0.2828125 0.10625 0.115625
1 0.034375 0.88984375 0.0640625 0.1609375
1 0.77578125 0.61328125 0.0734375 0.1265625