1 0.2421875 0.28515625 0.1578125 0.240625
0 0.92421875 0.79296875 0.109375 0.1265625
0 0.22109375 0.92578125 0.0734375 0.1234375
0 0.16640625 0.4390625 0.103125 0.16875
1 0.1 0.265625 0.090625 0.3
0 0.0453125 0.31875 0.0703125 0.1765625
0 0.03125 0.33515625 0.0625 0.1640625
1 0.1984375 0.171875 0.096875 0.23125
1 0.28984375 0.13203125 0.1171875 0.175
0 0.903125 0.89921875 0.0921875 0.134375
1 0.87578125 0.48359375 0.1 0.209375
0 0.73828125 0.675 0.096875 0.1203125
0 0.63515625 0.82421875 0.06875 0.0734375
0 0.64375 0.75703125 0.0421875 0.0875
0 0.55859375 0.803125 0.046875 0.0953125
1 0.37890625 0.74609375 0.1 0.21875
0 0.63515625 0.26171875 0.171875 0.18125
0 0.36484375 0.0953125 0.1125 0.178125
0 0.50234375 0.09609375 0.1796875 0.1921875
0 0.45625 0.0515625 0.134375 0.103125
0 0.35234375 0.51875 0.0921875 0.24375
0 0.3078125 0.61796875 0.0625 0.1125
0 0.16484375 0.58359375 0.1390625 0.165625
0 0.75234375 0.2359375 0.1015625 0.2
1 0.8875 0.1828125 0.090625 0.271875
0 0.4671875 0.28671875 0.1203125 0.18125
0 0.33984375 0.93125 0.084375 0.08125
0 0.14140625 0.83125 0.0875 0.11875
0 0.05546875 0.70234375 0.0875 0.090625
0 0.04375 0.6234375 0.0765625 0.10625
0 0.51640625 0.88515625 0.053125 0.0796875
0 0.37578125 0.975 0.0703125 0.05
0 0.47265625 0.625 0.1625 0.1
0 0.58203125 0.6125 0.0875 0.0859375
0 0.73359375 0.571875 0.0875 0.15
0 0.72734375 0.490625 0.08125 0.1046875
1 0.23203125 0.04921875 0.159375 0.0671875
1 0.1390625 0.18828125 0.0734375 0.275
0 0.21875 0.771875 0.0703125 0.1375
0 0.43203125 0.70078125 0.0828125 0.078125
1 0.28359375 0.38671875 0.08125 0.165625
0 0.80390625 0.6484375 0.0578125 0.0875
0 0.35390625 0.2609375 0.1328125 0.1359375
0 0.30234375 0.7984375 0.0953125 0.159375
0 0.0625 0.8875 0.06875 0.090625
0 0.159375 0.73828125 0.0875 0.13125
0 0.2625 0.47265625 0.090625 0.15
0 0.41171875 0.90234375 0.065625 0.0875
0 0.94765625 0.37109375 0.090625 0.178125
1 0.91015625 0.040625 0.0890625 0.08125
1 0.94375 0.15390625 0.0671875 0.20625
0 0.653125 0.0453125 0.153125 0.090625
0 0.53515625 0.28046875 0.075 0.1703125
0 0.50234375 0.46640625 0.103125 0.20625
0 0.415625 0.33125 0.1015625 0.2859375
0 0.50703125 0.7171875 0.1078125 0.1171875
0 0.02890625 0.11875 0.0578125 0.1625
0 0.7734375 0.38203125 0.0765625 0.1265625