0 0.76640625 0.115625 0.4046875 0.13125
0 0.77578125 0.271875 0.421875 0.1546875
0 0.7734375 0.42734375 0.371875 0.1609375
0 0.80078125 0.59453125 0.3546875 0.153125
0 0.80234375 0.7453125 0.2890625 0.1390625
0 0.80234375 0.9015625 0.228125 0.1578125
0 0.31640625 0.88359375 0.428125 0.1578125
0 0.30390625 0.7359375 0.4796875 0.1328125
0 0.29296875 0.571875 0.5046875 0.1671875
0 0.27734375 0.4140625 0.54375 0.1328125
0 0.278125 0.2640625 0.5234375 0.146875
1 0.29140625 0.1140625 0.5578125 0.1328125