1 0.61328125 0.48359375 0.2359375 0.646875
1 0.36171875 0.45234375 0.2484375 0.6265625
1 0.15859375 0.47265625 0.3171875 0.6796875
1 0.84453125 0.8640625 0.2609375 0.2515625
1 0.6078125 0.8640625 0.209375 0.175
1 0.409375 0.853125 0.1953125 0.2359375
1 0.19140625 0.86484375 0.2125 0.221875
1 0.90390625 0.49375 0.1921875 0.6125
1 0.7765625 0.60703125 0.159375 0.140625
1 0.746875 0.446875 0.153125 0.13125
1 0.80703125 0.25390625 0.1734375 0.14375
1 0.23671875 0.265625 0.2 0.1890625
1 0.2296875 0.4734375 0.203125 0.28125