1 0.6109375 0.47109375 0.2796875 0.6609375
1 0.3578125 0.4671875 0.2921875 0.640625
1 0.16953125 0.509375 0.3390625 0.7
1 0.86953125 0.825 0.2609375 0.26875
1 0.6453125 0.8515625 0.2203125 0.1890625
1 0.446875 0.8640625 0.2109375 0.2484375
1 0.23125 0.88828125 0.228125 0.2234375
1 0.8921875 0.45234375 0.215625 0.6234375
1 0.7859375 0.57734375 0.1671875 0.15
1 0.7375 0.421875 0.1625 0.140625
1 0.77890625 0.22265625 0.1828125 0.15625
1 0.2125 0.29453125 0.2125 0.203125
1 0.228125 0.5015625 0.221875 0.29375