1 0.38671875 0.48125 0.225 0.64375
1 0.5765625 0.46015625 0.2390625 0.621875
1 0.84453125 0.4796875 0.3109375 0.6765625
1 0.1515625 0.8578125 0.25625 0.246875
1 0.3875 0.8625 0.20625 0.171875
1 0.584375 0.85625 0.190625 0.2328125
1 0.80234375 0.8703125 0.209375 0.21875
1 0.09296875 0.4875 0.1859375 0.609375
1 0.221875 0.60234375 0.1578125 0.1375
1 0.20546875 0.42109375 0.1515625 0.128125
1 0.19765625 0.246875 0.1703125 0.1421875
1 0.7671875 0.2703125 0.196875 0.1859375
1 0.77109375 0.478125 0.1984375 0.278125