1 0.23984375 0.05625 0.3421875 0.1125
1 0.24296875 0.1296875 0.3296875 0.140625
1 0.24296875 0.1984375 0.3375 0.1375
1 0.25625 0.2640625 0.321875 0.1296875
1 0.2515625 0.3390625 0.2875 0.1203125
1 0.25234375 0.42109375 0.2984375 0.13125
1 0.24140625 0.48359375 0.2921875 0.121875
1 0.23671875 0.55 0.290625 0.15
1 0.228125 0.6171875 0.3015625 0.1296875
1 0.209375 0.6953125 0.3328125 0.140625
1 0.2 0.753125 0.2953125 0.121875
1 0.184375 0.81953125 0.321875 0.1296875
1 0.1703125 0.890625 0.340625 0.140625