1 0.890625 0.1625 0.146875 0.325
1 0.809375 0.171875 0.1515625 0.3328125
1 0.74140625 0.1859375 0.15 0.340625
1 0.68046875 0.2125 0.140625 0.325
1 0.60546875 0.2234375 0.1296875 0.2890625
1 0.52578125 0.24140625 0.1421875 0.3015625
1 0.4625 0.24296875 0.13125 0.29375
1 0.39609375 0.253125 0.159375 0.2953125
1 0.32890625 0.2578125 0.1390625 0.3046875
1 0.24765625 0.2546875 0.1515625 0.3359375
1 0.190625 0.259375 0.13125 0.296875
1 0.1234375 0.2578125 0.140625 0.325
1 0.0625 0.25859375 0.125 0.3453125