1 0.06953125 0.79765625 0.1078125 0.334375
1 0.153125 0.78828125 0.1125 0.321875
1 0.2234375 0.78203125 0.109375 0.3296875
1 0.2875 0.76328125 0.103125 0.3140625
1 0.36171875 0.76171875 0.096875 0.2796875
1 0.44296875 0.75390625 0.1078125 0.290625
1 0.50625 0.759375 0.096875 0.2859375
1 0.57265625 0.7578125 0.1265625 0.2828125
1 0.640625 0.7609375 0.1046875 0.29375
1 0.7203125 0.77421875 0.1125 0.325
1 0.778125 0.7765625 0.096875 0.2875
1 0.84609375 0.78671875 0.103125 0.3140625
1 0.91875 0.79453125 0.1125 0.334375