1 0.1046875 0.2625 0.19375 0.5
1 0.24609375 0.26171875 0.1625 0.4703125
1 0.37109375 0.25078125 0.1984375 0.41875
1 0.50625 0.2703125 0.190625 0.4265625
1 0.6640625 0.26953125 0.209375 0.4296875
1 0.7921875 0.28359375 0.1984375 0.4375
1 0.9234375 0.26015625 0.153125 0.4375
1 0.1109375 0.728125 0.20625 0.4578125
1 0.3125 0.71796875 0.1546875 0.446875
1 0.43828125 0.703125 0.15 0.403125
1 0.553125 0.671875 0.18125 0.3140625
1 0.7046875 0.696875 0.128125 0.4
1 0.8484375 0.69765625 0.165625 0.3765625