1 0.659375 0.1046875 0.528125 0.209375
1 0.68515625 0.20546875 0.4921875 0.25
1 0.71796875 0.3296875 0.4484375 0.275
1 0.7265625 0.4625 0.453125 0.26875
1 0.7578125 0.6171875 0.4609375 0.2875
1 0.7671875 0.7453125 0.465625 0.278125
1 0.79296875 0.8703125 0.4140625 0.234375
1 0.22265625 0.16171875 0.4453125 0.2890625
1 0.25 0.3578125 0.4671875 0.2359375
1 0.290625 0.478125 0.425 0.2234375
1 0.34140625 0.58515625 0.3421875 0.2375
1 0.34609375 0.73984375 0.4171875 0.2015625
1 0.37265625 0.8796875 0.4015625 0.234375